-0.35992665915216293
0.23942726041567375
-0.20551411757675966
-0.3679078381196698
0.14694999034745265
-0.22451370359878212
0.2615405137004305
-0.013745123497443636
-0.04952164366256518
0.3802966112459397
-0.0692848297199207
0.08023492729547667
0.3158681371130393
-0.39353686389567055
0.29448846806916257
-0.13674720978334345
-0.009665960198166634
-0.19143402651139219
0.12473876570588484
0.5090312791061901
0.4675197730726955
0.0060240902830832315
0.1515785949809793
-0.07704357603761211
0.42986149526947803
-0.032489698884535505
0.04600211126706547
-0.7077051121808157
0.20106633148715725
-0.4603207640984149
0.3076249291709263
-0.6628961516136497
