-0.007388493233828292
0.4639735240494066
-0.49437923136776835
0.0921442258456886
0.19818629595805537
-0.5297458635738895
0.1529823918233147
-0.20128788213822396
-0.05134432867946831
0.01136489719835376
-0.15044617988082937
0.34208569691302515
0.33872719587146133
-0.38143703947062757
-0.04911142080199417
0.2759796130691995
0.15391091734826046
0.13964736833925212
-0.19262809319313257
0.4479605770161152
0.015163370259369743
0.26904874096695364
-0.12389844988613452
0.10265083878226615
0.5420438733510893
0.3520456058201381
-0.285113942819908
-0.3953784830464228
-0.08457289693721444
-0.434832593821968
-0.208464804051943
-0.30788542970906263
