-1.194939387909416
0.28565226126978677
-0.3273520576591794
0.1568429576544272
0.22886163501302897
-0.77445892625841
-0.00994837686494987
0.32394458264018317
0.016828270987647637
-0.015238373633287729
0.05095109436785512
0.39395682134132476
0.6532325602639687
0.039407139959245344
0.058138486720253194
0.3172314203262755
0.17618119656144735
0.3256016388354245
-0.4218594298938296
0.701287327222825
0.6430210060453105
0.49638581771382245
0.2616617969092481
-0.004498300996736299
0.9114446315104233
0.9135642496667806
-1.8459211635214774
-1.2893783509307746
-0.6880399544545832
-0.5390516870761137
0.13943179530976205
0.0170593188794657
