-1.2150171474804057
0.30907795459641046
-0.13120723592964012
0.4607268153275917
0.2531797497644409
-1.0083969663777652
0.19035577043771515
0.3413562207867361
-0.3497486060631652
0.016209545237449028
0.003123523698201007
0.46641878421805033
0.658802163442561
-0.1999215295392979
0.38451615753964946
0.3504125053987552
0.09386317055526006
0.26638058675269977
-0.416510695188158
0.8278150346628563
0.650266664479259
0.31151750863849614
-0.2933404395233136
-0.09764796172977103
1.0896074506987978
0.8724029102563252
-1.6740931982823413
-1.5624545044350675
-0.4350309689042603
-0.1625915478563309
0.28785513749067704
-0.2879268526725719
